(3) (82) (29) 
(4) (5) (90) (65) 
(7) (90) (48) (0) (29) 
(7) (90) (48) (0) (39) (0) (29) 
(7) (90) (48) (0) (29) 
(7) (90) (48) (0) (29) 
(7) (90) (48) (81) (39) (81) (29) 



	(4) (6) (27) (81) (31) (7) (90) (62) (71) (90) (32) (65) 
		(7) (90) (48) (0) (29) 
		(81) (31) (81) (39) (0) (32) (65) 
			(81) (31) (30) (32) (29) 
			(81) (48) (0) (29) 
		(66) 
		
		(81) (31) (7) (90) (48) (0) (29) (81) (34) (0) (29) (81) (46) (32) (65) 
			(81) (31) (30) (32) (29) 
			(81) (48) (0) (41) (81) (29) 
		(66) 
	(66) 
	(65) 
		(7) (90) (48) (0) (29) 
		
	(66) 
(66) 
